100 40
0 3 68 69 89 296 73 450
1 3 4 95 25 274 95 490
2 3 40 389 42 526 60 434
3 4 41 322 7 401 11 333 58 359
4 3 1 95 95 481 25 283
5 3 61 157 19 349 49 165
6 4 7 156 35 418 69 346 71 502
7 3 6 156 69 190 3 401
8 3 63 167 84 173 43 362
9 3 84 157 72 303 30 251
10 4 81 555 91 670 25 769 51 850
11 5 41 149 58 158 65 205 31 232 3 333
12 3 34 220 21 276 29 395
13 3 50 186 70 201 15 241
14 4 98 114 75 145 86 278 93 336
15 5 76 74 97 217 13 241 90 344 46 422
16 5 27 186 38 265 37 301 56 348 45 386
17 3 24 150 82 294 65 356
18 3 36 126 78 391 83 531
19 3 5 349 48 472 61 506
20 3 39 157 34 452 60 193
21 3 29 119 12 276 34 458
22 3 32 235 96 467 47 552
23 5 63 72 57 122 84 216 30 218 80 437
24 3 17 150 82 268 65 348
25 4 1 274 51 773 4 283 10 769
26 3 91 521 36 632 81 636
27 3 37 115 16 186 38 411
28 3 67 93 92 197 70 205
29 3 21 119 12 395 34 577
30 4 57 96 92 241 23 218 9 251
31 5 11 232 44 236 41 243 54 390 94 488
32 3 22 235 96 448 47 605
33 5 77 110 55 257 97 261 88 330 90 364
34 4 12 220 20 452 21 458 29 577
35 3 71 184 6 418 88 495
36 4 18 126 78 265 83 405 26 632
37 3 27 115 45 379 16 301
38 3 56 123 16 265 27 411
39 3 60 60 20 157 40 81
40 3 60 45 2 389 39 81
41 5 11 149 3 322 31 243 58 251 65 320
42 3 79 96 2 526 99 245
43 5 64 350 8 362 47 386 72 393 53 468
44 3 31 236 54 302 94 464
45 3 50 214 37 379 16 386
46 3 97 259 77 354 15 422
47 5 64 84 43 386 53 488 22 552 32 605
48 3 85 317 19 472 74 411
49 4 61 10 5 165 87 284 66 465
50 3 13 186 45 214 70 271
51 3 25 773 93 809 10 850
52 3 86 287 99 502 75 310
53 3 64 452 43 468 47 488
54 3 82 153 44 302 31 390
55 4 88 187 68 208 33 257 77 343
56 3 38 123 80 387 16 348
57 3 30 96 23 122 63 194
58 3 11 158 41 251 3 359
59 4 62 210 81 328 66 440 91 435
60 4 40 45 39 60 20 193 2 434
61 4 49 10 5 157 87 274 19 506
62 3 59 210 95 442 81 466
63 5 23 72 8 167 57 194 84 208 80 445
64 3 47 84 43 350 53 452
65 4 11 205 41 320 24 348 17 356
66 3 95 144 59 440 49 465
67 3 28 93 70 194 92 230
68 4 0 69 55 208 88 283 89 307
69 5 74 79 7 190 85 173 83 336 6 346
70 4 67 194 13 201 28 205 50 271
71 3 35 184 6 502 90 539
72 3 96 174 9 303 43 393
73 3 94 409 0 450 89 494
74 4 69 79 85 94 83 301 48 411
75 4 14 145 98 259 52 310 93 379
76 3 15 74 90 270 97 283
77 3 33 110 55 343 46 354
78 3 83 238 36 265 18 391
79 3 42 96 99 223 87 611
80 3 56 387 23 437 63 445
81 5 91 179 59 328 10 555 62 466 26 636
82 3 54 153 24 268 17 294
83 5 78 238 74 301 69 336 36 405 18 531
84 4 9 157 8 173 63 208 23 216
85 3 74 94 48 317 69 173
86 3 14 278 52 287 98 392
87 5 61 274 95 357 99 480 49 284 79 611
88 5 55 187 68 283 33 330 89 442 35 495
89 4 0 296 68 307 88 442 73 494
90 4 76 270 15 344 33 364 71 539
91 4 81 179 26 521 59 435 10 670
92 3 28 197 30 241 67 230
93 4 98 316 14 336 75 379 51 809
94 3 73 409 44 464 31 488
95 5 66 144 87 357 4 481 62 442 1 490
96 3 72 174 32 448 22 467
97 4 15 217 46 259 33 261 76 283
98 4 14 114 93 316 75 259 86 392
99 4 79 223 87 480 52 502 42 245

0 47 41
1 44 69
2 8 19
3 14 0
4 35 78
5 49 19
6 1 0
7 65 41
8 57 76
9 7 10
10 80 73
11 50 56
12 69 41
13 85 99
14 57 48
15 4 57
16 41 48
17 26 1
18 19 40
19 1 54
20 71 2
21 26 72
22 3 43
23 65 12
24 19 25
25 22 51
26 98 73
27 8 19
28 66 93
29 18 23
30 93 22
31 32 86
32 23 59
33 87 42
34 51 41
35 49 74
36 95 75
37 99 50
38 18 64
39 62 89